f3_spf3_perturbaciones_cobertura_id_;conglomerado_id_;f3_spf3_perturbaciones_cobertura_tipo_perturbacion;f3_spf3_perturbaciones_cobertura_tipo_perturbacion_code_id_;f3_spf3_perturbaciones_cobertura_severidad_perturbacion;f3_spf3_perturbaciones_cobertura_severidad_perturbacion_code_id;f3_spf3_perturbaciones_cobertura_tipo_cobertura;f3_spf3_perturbaciones_cobertura_tipo_cobertura_code_id_;f3_spf3_perturbaciones_cobertura_porcentaje;observacion;codigo_conglomerado;anio_ejecucion;anioVigencia;codigo_subparcela;ID_CONGLOMERADO_SEQ;ID_BRIG_CONG;ID_SUBPARCELA
1000354;1000001;CA;153;FP;166;AB;214;10;;038824;2016;2016;3;;;
1000360;1000001;FU;157;NP;168;CU;218;5;;038824;2016;2016;3;;;
1000366;1000001;PA;159;FP;166;HE;219;15;;038824;2016;2016;3;;;
1000372;1000001;-1;-1;-1;-1;MA;220;20;;038824;2016;2016;3;;;
1000378;1000001;-1;-1;-1;-1;PA;221;50;;038824;2016;2016;3;;;
4000306;4000001;CN;155;NP;168;BT;216;100;Sin Observacion;046143;2016;2016;3;;;
6000343;6000001;CA;153;FP;166;AB;214;5;;047744;2016;2016;3;;;
6000349;6000001;CN;155;MP;167;CU;218;30;;047744;2016;2016;3;;;
6000355;6000001;EA;156;MP;167;HE;219;12;;047744;2016;2016;3;;;
6000361;6000001;PA;159;FP;166;MA;220;10;;047744;2016;2016;3;;;
6000367;6000001;PC;160;FP;166;PA;221;13;;047744;2016;2016;3;;;
6000373;6000001;VI;163;MP;167;RA;223;30;;047744;2016;2016;3;;;
7000376;7000001;CA;153;FP;166;AB;214;5;;052014;2016;2016;3;;;
7000382;7000001;EA;156;FP;166;CU;218;85;;052014;2016;2016;3;;;
7000388;7000001;PC;160;FP;166;HE;219;5;;052014;2016;2016;3;;;
7000394;7000001;-1;-1;-1;-1;MA;220;5;;052014;2016;2016;3;;;
8000301;8000001;SP;162;NP;168;BT;216;100;sin observaciones;037611;2016;2016;3;;;
10000312;10000001;-1;-1;-1;-1;-1;-1;;No se pudo hacer por que el punto dio en el agua (caño);146634;2016;2016;3;;;
11000290;11000001;CN;155;MP;167;BT;216;100;Sin observaciones;042013;2016;2016;3;;;
11000296;11000001;SP;162;NP;168;-1;-1;;Sin observaciones;042013;2016;2016;3;;;
12000358;12000001;CN;155;FP;166;RA;223;10;;158621;2016;2016;3;;;
12000364;12000001;PA;159;FP;166;PN;222;60;;158621;2016;2016;3;;;
12000370;12000001;-1;-1;-1;-1;HE;219;20;;158621;2016;2016;3;;;
13000301;13000001;CN;155;NP;168;BT;216;100;Sin Observaciones;037724;2016;2016;3;;;
14000317;14000001;CA;153;FP;166;MA;220;100;Sin observaciones;186943;2016;2016;3;;;
14000323;14000001;CL;154;FP;166;-1;;;Sin observaciones;186943;2016;2016;3;;;
15000364;15000001;CN;155;FP;166;AB;214;25;;052321;2016;2016;3;;;
15000370;15000001;PC;160;MP;167;BT;216;50;;052321;2016;2016;3;;;
15000376;15000001;SP;162;FP;166;HE;219;10;;052321;2016;2016;3;;;
15000382;15000001;-1;-1;-1;-1;MA;220;15;;052321;2016;2016;3;;;
19000363;19000001;CN;155;MP;167;AB;214;40;;090512;2016;2016;3;;;
19000369;19000001;PC;160;MP;167;BT;216;45;;090512;2016;2016;3;;;
19000375;19000001;SP;162;MP;167;HE;219;5;;090512;2016;2016;3;;;
19000381;19000001;-1;-1;-1;-1;MA;220;10;;090512;2016;2016;3;;;
20000250;20000001;CA;153;MP;167;BI;217;50;no;071442;2016;2016;3;;;
20000256;20000001;EA;156;MP;167;AB;214;30;no;071442;2016;2016;3;;;
20000262;20000001;PC;160;MP;167;RA;223;20;no;071442;2016;2016;3;;;
21000328;21000001;SP;162;NP;168;BT;216;100;Sin observaciones;002343;2016;2016;3;;;
24000306;24000001;SP;162;NP;168;BT;216;100;Sin observaciones;002123;2016;2016;3;;;
25000316;25000001;SP;162;NP;168;BT;216;100;Sin Observacion;003641;2016;2016;3;;;
26000274;26000001;SP;162;NP;168;BT;216;100;Sin Observacion;005334;2016;2016;3;;;
28000332;28000001;CA;153;FP;166;AB;214;5;;122232;2016;2016;3;;;
28000338;28000001;EA;156;FP;166;CU;218;5;;122232;2016;2016;3;;;
28000344;28000001;PA;159;FP;166;HE;219;40;;122232;2016;2016;3;;;
28000350;28000001;PC;160;MP;167;MA;220;15;;122232;2016;2016;3;;;
28000356;28000001;PE;161;FP;166;PA;221;20;;122232;2016;2016;3;;;
28000362;28000001;VI;163;FP;166;RA;223;15;;122232;2016;2016;3;;;
29000272;29000001;CN;155;MP;167;AB;214;5;;131144;2016;2016;3;;;
29000278;29000001;PC;160;MP;167;HE;219;5;;131144;2016;2016;3;;;
29000284;29000001;VI;163;FP;166;MA;220;50;;131144;2016;2016;3;;;
29000290;29000001;HV;158;MP;167;RA;223;40;;131144;2016;2016;3;;;
30000282;30000001;CN;155;FP;166;AR;215;100;Pared de piedras;105433;2016;2016;3;;;
31000264;31000001;CN;155;MP;167;BT;216;33,3;;100824;2016;2016;3;;;
31000270;31000001;-1;-1;-1;-1;AR;215;33,3;;100824;2016;2016;3;;;
31000276;31000001;-1;-1;-1;-1;RA;223;33,3;;100824;2016;2016;3;;;
32000335;32000001;CN;155;MP;167;BT;216;100;;087014;2016;2016;3;;;
33000317;33000001;CA;153;FP;166;CU;218;40;;109013;2016;2016;3;;;
33000323;33000001;EA;156;FP;166;HE;219;20;;109013;2016;2016;3;;;
33000329;33000001;FU;157;NP;168;MA;220;10;;109013;2016;2016;3;;;
33000335;33000001;HV;158;MP;167;PA;221;30;;109013;2016;2016;3;;;
33000341;33000001;PC;160;MP;167;-1;-1;;;109013;2016;2016;3;;;
33000347;33000001;PE;161;MP;167;-1;-1;;;109013;2016;2016;3;;;
33000353;33000001;VI;163;MP;167;-1;-1;;;109013;2016;2016;3;;;
34000320;34000001;CN;155;MP;167;AB;214;20;;113442;2016;2016;3;;;
34000326;34000001;VI;163;MP;167;AR;215;15;;113442;2016;2016;3;;;
34000332;34000001;-1;-1;-1;-1;HE;219;20;;113442;2016;2016;3;;;
34000338;34000001;-1;-1;-1;-1;MA;220;5;;113442;2016;2016;3;;;
34000344;34000001;-1;-1;-1;-1;RA;223;40;;113442;2016;2016;3;;;
35000279;35000001;CN;155;MP;167;BT;216;100;Sin observaciones;185711;2016;2016;3;;;
37000340;37000001;CA;153;MP;167;RA;223;100;;092531;2016;2016;3;;;
37000346;37000001;EA;156;MP;167;-1;-1;;;092531;2016;2016;3;;;
38000308;38000001;PA;159;FP;166;PA;221;100;Pastizal ganadero;177541;2016;2016;3;;;
39000378;39000001;CA;153;FP;166;AB;214;20;;095821;2016;2016;3;;;
39000384;39000001;CL;154;MP;167;HE;219;20;;095821;2016;2016;3;;;
39000390;39000001;CN;155;MP;167;MA;220;50;;095821;2016;2016;3;;;
39000396;39000001;EA;156;MP;167;RA;223;10;;095821;2016;2016;3;;;
39000402;39000001;PC;160;MP;167;-1;-1;;;095821;2016;2016;3;;;
39000408;39000001;VI;163;MP;167;-1;-1;;;095821;2016;2016;3;;;
39000414;39000001;FU;157;MP;167;-1;-1;;;095821;2016;2016;3;;;
39000420;39000001;PA;159;MP;167;-1;-1;;;095821;2016;2016;3;;;
40000310;40000001;SP;162;FP;166;PN;222;100;Lago;088112;2016;2016;3;;;
41000309;41000001;CA;153;FP;166;PN;222;100;Inundada;180414;2016;2016;3;;;
41000315;41000001;PA;159;FP;166;-1;;;Sin observaciones;180414;2016;2016;3;;;
42000318;42000001;CN;155;MP;167;BT;216;50;;096911;2016;2016;3;;;
42000324;42000001;-1;-1;-1;-1;RA;223;50;;096911;2016;2016;3;;;
43000311;43000001;CA;153;FP;166;RA;223;100;Sin observaciones;185244;2016;2016;3;;;
43000317;43000001;PA;159;FP;166;-1;;;Sin observaciones;185244;2016;2016;3;;;
44000349;44000001;CA;153;MP;167;HE;219;20;;057023;2016;2016;3;;;
44000355;44000001;CL;154;MP;167;MA;220;70;;057023;2016;2016;3;;;
44000361;44000001;EA;156;MP;167;PA;221;10;;057023;2016;2016;3;;;
44000367;44000001;PA;159;MP;167;-1;-1;;;057023;2016;2016;3;;;
44000373;44000001;PC;160;MP;167;-1;-1;;;057023;2016;2016;3;;;
44000379;44000001;VI;163;FP;166;-1;-1;;;057023;2016;2016;3;;;
45000151;45000001;CA;153;MP;167;RA;223;60;no;071511;2016;2016;3;;;
45000157;45000001;VI;163;FP;166;PA;221;40;no;071511;2016;2016;3;;;
46000354;46000001;CA;153;MP;167;CU;218;10;;061922;2016;2016;3;;;
46000360;46000001;EA;156;MP;167;HE;219;10;;061922;2016;2016;3;;;
46000366;46000001;PC;160;MP;167;MA;220;40;;061922;2016;2016;3;;;
46000372;46000001;PE;161;MP;167;PA;221;40;;061922;2016;2016;3;;;
46000378;46000001;VI;163;FP;166;-1;-1;;;061922;2016;2016;3;;;
47000349;47000001;CA;153;FP;166;AB;214;30;;056941;2016;2016;3;;;
47000355;47000001;CL;154;MP;167;HE;219;30;;056941;2016;2016;3;;;
47000361;47000001;EA;156;FP;166;MA;220;30;;056941;2016;2016;3;;;
47000367;47000001;PC;160;MP;167;RA;223;10;;056941;2016;2016;3;;;
47000373;47000001;PE;161;MP;167;-1;-1;;;056941;2016;2016;3;;;
47000379;47000001;VI;163;MP;167;-1;-1;;;056941;2016;2016;3;;;
48000190;48000001;SP;162;NP;168;BT;216;100;no;139512;2016;2016;3;;;
49000270;49000001;CA;153;MP;167;RA;223;100;Sin observaciones;192833;2016;2016;3;;;
50000311;50000001;SP;162;NP;168;BT;216;100;--;163832;2016;2016;3;;;
51000273;51000001;CN;155;MP;167;BT;216;100;;053512;2016;2016;3;;;
52000301;52000001;SP;162;NP;168;VA;;70;;053621;2016;2016;3;;;
52000307;52000001;-1;-1;-1;-1;BI;217;30;;053621;2016;2016;3;;;
53000284;53000001;SP;162;NP;168;BT;216;100;;049214;2016;2016;3;;;
54000399;54000001;EA;156;FP;166;PA;221;90;NA;105221;2016;2016;3;;;
54000405;54000001;FU;157;FP;166;RA;223;10;Adecuación del uso de suelo para pastoreo y agricultura;105221;2016;2016;3;;;
55000398;55000001;CA;153;NP;168;MA;220;20;Si bien no se evidencio perturbación reciente, el tipo de cobertura y el estado sucesional secundario del bosque señala la intervención;109842;2016;2016;3;;;
56000289;56000001;CA;153;FP;166;CU;218;100;;175144;2016;2016;3;;;
56000295;56000001;EA;156;FP;166;CU;218;100;;175144;2016;2016;3;;;
58000312;58000001;FU;157;FP;166;PA;221;50;Sabana;143421;2016;2016;3;;;
58000318;58000001;-1;-1;-1;-1;RA;223;25;;143421;2016;2016;3;;;
58000324;58000001;-1;-1;-1;-1;BT;216;25;;143421;2016;2016;3;;;
60000318;60000001;CA;153;FP;166;RA;223;50;Sin observaciones;194713;2016;2016;3;;;
60000324;60000001;EA;156;FP;166;PA;221;50;Sin observaciones;194713;2016;2016;3;;;
61000334;61000001;SP;162;FP;166;BT;216;90;;120744;2016;2016;3;;;
61000340;61000001;-1;-1;-1;-1;RA;223;10;;120744;2016;2016;3;;;
62000328;62000001;CN;155;MP;167;BT;216;100;Sin observaciones;167113;2016;2016;3;;;
63000329;63000001;CN;155;FP;166;BT;216;80;Sin observaciones;164741;2016;2016;3;;;
63000335;63000001;-1;;-1;;RA;223;20;Sin observaciones;164741;2016;2016;3;;;
64000299;64000001;CN;155;FP;166;BT;216;70;;115923;2016;2016;3;;;
64000305;64000001;-1;-1;-1;-1;RA;223;30;;115923;2016;2016;3;;;
65000344;65000001;CN;155;FP;166;BI;217;100;;124431;2016;2016;3;;;
66000296;66000001;EA;156;MP;167;RA;223;100;Sin observaciones;150032;2016;2016;3;;;
68000248;68000001;CA;153;MP;167;BT;216;100;;193331;2016;2016;3;;;
69000307;69000001;CN;155;MP;167;BT;216;100;;180312;2016;2016;3;;;
69000313;69000001;CA;153;MP;167;-1;;;;180312;2016;2016;3;;;
70000271;70000001;CN;155;MP;167;BT;216;100;Sin observaciones;170034;2016;2016;3;;;
71000364;71000001;CN;155;FP;166;BT;216;70;;115514;2016;2016;3;;;
71000370;71000001;-1;-1;-1;-1;RA;223;30;;115514;2016;2016;3;;;
72000307;72000001;SP;162;NP;168;BT;216;100;;173513;2016;2016;3;;;
73000318;73000001;HV;158;MP;167;PA;221;95;sabana;147923;2016;2016;3;;;
73000324;73000001;PC;160;MP;167;AB;214;;saladillo;147923;2016;2016;3;;;
74000350;74000001;CN;155;MP;167;BT;216;100;;140722;2016;2016;3;;;
74000356;74000001;CA;153;MP;167;-1;-1;;;140722;2016;2016;3;;;
74000362;74000001;EA;156;MP;167;-1;-1;;;140722;2016;2016;3;;;
75000341;75000001;EA;156;MP;167;RA;223;90;;167414;2016;2016;3;;;
75000347;75000001;CN;155;MP;167;BT;216;10;;167414;2016;2016;3;;;
75000353;75000001;CA;153;MP;167;-1;;;;167414;2016;2016;3;;;
76000214;76000001;SP;162;NP;168;BT;216;100;no;047113;2016;2016;3;;;
77000352;77000001;PA;159;MP;167;MA;220;40;;157622;2016;2016;3;;;
77000358;77000001;-1;-1;-1;-1;AR;215;40;;157622;2016;2016;3;;;
77000364;77000001;-1;-1;-1;-1;AB;214;20;;157622;2016;2016;3;;;
78000299;78000001;SP;162;NP;168;BT;216;100;no;117243;2016;2016;3;;;
79000304;79000001;SP;162;FP;166;CA;;100;sabana;151632;2016;2016;3;;;
80000306;80000001;EA;156;FP;166;CU;218;100;Cultivo de madarina y cafe;114032;2016;2016;3;;;
81000283;81000001;CN;155;FP;166;BT;216;30;La perturbación se debe a plantas invasoras (helechos);149714;2016;2016;3;;;
81000289;81000001;-1;;-1;;RA;223;70;;149714;2016;2016;3;;;
83000284;83000001;CA;153;FP;166;PA;221;100;SIN OBSERVACIONES;189921;2016;2016;3;;;
83000290;83000001;PA;159;FP;166;-1;;;Sin observaciones;189921;2016;2016;3;;;
84000420;84000001;SP;162;NP;168;BT;216;100;Bosque de galeria;100441;2016;2016;3;;;
85000288;85000001;VI;163;FP;166;RA;223;100;;170313;2016;2016;3;;;
85000294;85000001;CA;153;MP;167;-1;;;;170313;2016;2016;3;;;
86000244;86000001;SP;162;FP;166;-1;;;;170131;2016;2016;3;;;
87000286;87000001;CN;155;MP;167;BT;216;100;;178931;2016;2016;3;;;
89000190;89000001;CA;153;FP;166;CU;218;100;no;051521;2016;2016;3;;;
89000196;89000001;PC;160;MP;167;-1;-1;0;La perturbación de la parcela y el tipo de cobertura son campos que deben estar separados porque el número de perturbaciones no tiene relación con el número de coberturas.;051521;2016;2016;3;;;
90000280;90000001;VI;163;FP;166;RA;223;30;;153324;2016;2016;3;;;
90000286;90000001;CA;153;MP;167;MA;220;70;;153324;2016;2016;3;;;
91000306;91000001;SP;162;NP;168;BT;216;100;;152814;2016;2016;3;;;
92000305;92000001;CA;153;FP;166;RA;223;100;;153244;2016;2016;3;;;
92000311;92000001;-1;;-1;;-1;;;;153244;2016;2016;3;;;
93000221;93000001;CA;153;FP;166;BI;217;100;no;051433;2016;2016;3;;;
94000346;94000001;CA;153;FP;166;BT;216;60;;166712;2016;2016;3;;;
94000352;94000001;EA;156;MP;167;CU;218;40;;166712;2016;2016;3;;;
95000286;95000001;CA;153;FP;166;HE;219;20;;156932;2016;2016;3;;;
95000292;95000001;-1;;-1;;PA;221;20;;156932;2016;2016;3;;;
95000298;95000001;-1;;-1;;MA;220;60;;156932;2016;2016;3;;;
96000246;96000001;SP;162;NP;168;BT;216;100;;109521;2016;2016;3;;;
97000207;97000001;SP;162;NP;168;BI;217;100;no;139332;2016;2016;3;;;
98000317;98000001;CA;153;MP;167;BT;216;70;;172844;2016;2016;3;;;
98000323;98000001;CN;155;MP;167;RA;223;30;;172844;2016;2016;3;;;
98000329;98000001;FU;157;MP;167;-1;;;;172844;2016;2016;3;;;
